1
2
3
4
5
6
7
8
9
10
11
12
13
14
15
16
17
18
19
20
21
22
23
25
50
51
53
93
94
100
113
122
125
132
160
161
178
196
207
238
242
280
299
309
320
335
358
364
423
433
449
451
469
471
479
509
511
518
519
536
565
583
631
632
634
639
640
641
646
649
656
683
764
776
780
788
789
797
814
815
818
970
979
999
1003
1005
1079
1095
1103
1132
1135
1189
1192
1207
1209
1237
1491
1509
1528
1638
1639
1640
1642
1644
1645
1647
1648
1649
1656
1724
1739
1749
1874
1898
1899
1902
1922
1928
1940
1971
1973
1980
1983
1986
1993
2053
2054
2055
2056
2057
2058
2059
2060
2061
2075
2175
2234
2291
2294
2295
2297
2300
2302
2315
2323
2331
2332
2333
2340
2368
2390
2410
2412
2416
2447
2450
2511
2544
2548
2560
2636
2638
2882
2888
2929
2959
2960
3068
3126
3131
3173
3190
3200
3208
3212
3222
3224
3277
3366
3371
3375
3376
3587
3588
3596
3663
3732
3860
3901
3943
3977
3980
3989
4219
4223
4295
4374
4388
4539
4626
4675
4832
4836
4921
4963
5043
5053
5055
5058
5120
5155
5168
5170
5187
5207
5230
5304
5405
5410
5428
5510
5611
5752
5798
5890
6068
6261
6262
6264
6375
6493
6570
6927
7065
7111
7156
7550
7576
7577
7734
7743
7817
7900
8082
8127
8129
8130
8413
8432
8645
8653
8695
8703
8722
9018
9231
9290
9300
9337
9534
9803
9857
9858
9879
9904
9909
10086
10131
10292
10617
10686
10700
10884
10916
10936
10947
11203
11268
11273
11314
11315
11318
11680
11784
11795
11820
11990
12146
12167
12331
12367
12375
12390
12441
12468
12970
12971
12972
12975
12992
12993
12995
12997
13005
13008
13320
13322
13421
13496
13499
13549
14095
14685
14763
14764
14822
14916
15070
15299
15416
15435
15437
15438
15439
15440
15441
15443
15445
15450
15529
16169
16424
16535
16541
16561
16591
16592
16594
17056
17097
18007
18649
19062
19422
19495
19512
19531
19574
20027
20380
20474
20729
20795
22168
22283
22288
22289
22339
22345
22663
22669
22682
23597
23875
24369
24536
24546
24991
25208
25542
25556
25672
25734
25741
25763
25988
26138
26853
26928
26930
26933
26934
26938
26940
26941
26943
26947
26951
26952
26953
26958
27620
27999
28000
28626
28627
