1	1.541639344262295
2	1.8166325835037491
3	2.1587188612099646
4	2.457234212629896
5	2.666403785488959
6	2.8324514991181657
7	3.1745589600742803
8	3.4623762376237623
9	3.918324607329843
10	4.080625752105896
11	4.402985074626866
12	4.9
13	5.0
14	5.463855421686747
15	6.225538971807628
16	5.362453531598513
17	5.92925430210325
18	5.90566037735849
19	7.052631578947368
20	7.09433962264151
21	7.964953271028038
22	9.333333333333334
23	7.955223880597015
24	8.425
25	8.524844720496894
26	8.57243816254417
27	9.507751937984496
28	9.930769230769231
29	10.36986301369863
30	12.475
31	13.585585585585585
32	10.105263157894736
33	11.267015706806284
34	11.39655172413793
35	11.597765363128492
36	11.28368794326241
37	9.770833333333334
38	12.950413223140496
39	12.104477611940299
40	13.663716814159292
41	15.036697247706423
42	16.4468085106383
43	18.11578947368421
44	16.54
45	17.696202531645568
46	13.465116279069768
47	17.12121212121212
48	16.933333333333334
49	17.6984126984127
50	16.567164179104477
51	18.661538461538463
52	16.107692307692307
53	19.705882352941178
54	18.686274509803923
55	19.7
56	22.425
57	21.07894736842105
58	20.069767441860463
59	19.153846153846153
60	17.97222222222222
61	17.485714285714284
62	20.636363636363637
63	19.035714285714285
64	20.90625
65	19.571428571428573
66	18.74074074074074
67	15.863636363636363
68	21.473684210526315
69	26.5
70	22.105263157894736
71	26.57894736842105
72	29.76923076923077
73	29.857142857142858
74	34.625
75	28.636363636363637
76	20.764705882352942
77	22.272727272727273
78	18.25
79	22.714285714285715
80	28.53846153846154
81	26.90909090909091
82	16.3
83	16.0
84	25.5
85	26.9
86	16.333333333333332
87	23.25
88	25.666666666666668
89	29.5
90	32.714285714285715
91	28.2
92	24.125
93	16.166666666666668
94	25.25
95	52.4
96	28.0
97	21.25
98	23.5
99	4.0
100	34.25
101	17.25
102	32.333333333333336
103	51.0
104	15.333333333333334
105	28.0
106	15.0
107	21.6
108	24.0
109	3.0
110	15.0
111	26.0
112	41.0
113	45.666666666666664
114	21.666666666666668
115	20.0
116	4.0
117	10.0
118	14.333333333333334
119	17.0
120	50.0
121	41.0
122	36.0
123	12.0
124	6.333333333333333
125	30.0
126	18.0
127	16.0
129	12.0
130	28.0
131	37.0
132	26.0
133	53.0
138	85.0
139	5.0
140	42.0
142	3.5
143	14.0
144	35.0
148	5.0
150	5.0
152	9.0
159	11.0
160	5.0
165	97.0
168	117.0
170	44.0
172	29.0
176	23.0
177	35.0
178	30.0
180	21.5
185	6.0
186	12.0
187	6.5
203	8.0
205	99.0
235	1.0
278	4.0
281	10.0
291	23.0
304	1.0
384	5.0
