1	10
2	11
3	1
4	5
5	10
6	10
7	13
8	4
9	97
10	1
11	12
12	4
13	21
14	111
15	51
16	16
17	11
18	11
19	8
20	10
21	10
22	18
23	281
24	25
25	2
26	10
27	13
28	1
29	5
30	8
31	7
32	1
33	9
34	6
35	4
36	11
37	8
38	6
39	16
40	30
41	12
42	26
43	5
44	3
45	27
46	15
47	35
48	6
49	2
50	2
51	5
53	6
54	1
55	18
56	23
57	16
60	6
61	10
63	5
64	2
65	19
66	9
67	43
68	12
69	20
70	11
71	45
72	11
73	3
74	23
75	7
76	7
77	3
78	6
79	10
80	6
81	11
82	35
83	45
84	187
85	129
86	26
87	14
88	15
89	38
90	21
91	13
92	18
93	27
94	71
95	20
96	28
97	4
98	13
99	35
100	39
101	16
102	31
103	28
104	11
105	18
106	12
107	21
108	24
109	27
110	41
111	52
112	31
113	43
114	29
115	42
116	35
117	32
118	47
119	13
120	18
121	11
122	40
123	30
124	10
125	15
126	89
127	12
128	38
129	59
130	3
131	33
132	51
133	205
134	2
135	15
136	5
137	41
138	5
139	4
140	3
141	5
142	22
143	5
144	3
145	5
146	64
147	47
148	15
149	27
150	44
151	73
152	42
153	36
154	50
155	48
156	40
157	67
158	32
159	20
160	54
161	21
162	5
163	8
164	13
165	23
166	8
167	2
168	1
169	2
170	21
171	9
172	8
173	6
174	13
175	6
176	5
177	9
178	41
179	2
180	5
182	3
183	10
184	5
185	3
186	6
187	6
188	4
189	2
190	45
191	3
192	7
193	1
194	5
195	2
196	41
197	4
198	11
199	13
200	7
201	5
202	1
203	1
204	6
205	7
206	18
207	187
208	4
209	5
210	13
211	23
212	23
213	27
214	31
